# size = 9, difficult = 0, game_id = 1314
9
9, 0, 7, 2, 0, 0, 6, 0, 4
5, 6, 2, 0, 4, 0, 0, 0, 9
0, 0, 6, 0, 0, 0, 0, 0, 7
0, 8, 0, 9, 2, 0, 0, 7, 3
0, 2, 5, 0, 7, 0, 0, 0, 0
0, 0, 0, 0, 3, 9, 0, 8, 0
3, 4, 0, 6, 0, 0, 2, 0, 8
0, 0, 0, 0, 0, 0, 1, 6, 0
0, 3, 0, 4, 0, 0, 0, 0, 2

0, 0, 0, 0, 0, 0, 0, 0
0, 0, 0, 0, 0, 0, 0, 0
0, 0, 0, 0, 0, 0, 0, 0
0, 0, 0, 0, 0, 0, 0, 0
0, 0, 0, 0, 0, 0, 0, 0
0, 0, 0, 0, 0, 0, 0, 0
0, 0, 0, 0, 0, 0, 0, 0
0, 0, 0, 0, 0, 0, 0, 0
0, 0, 0, 0, 0, 0, 0, 0

0, 0, 0, 0, 0, 0, 0, 0, 0
0, 0, 0, 0, 0, 0, 0, 0, 0
0, 0, 0, 0, 0, 0, 0, 0, 0
0, 0, 0, 0, 0, 0, 0, 0, 0
0, 0, 0, 0, 0, 0, 0, 0, 0
0, 0, 0, 0, 0, 0, 0, 0, 0
0, 0, 0, 0, 0, 0, 0, 0, 0
0, 0, 0, 0, 0, 0, 0, 0, 0
