# size = 9, difficult = 3, game_id = 7995
9
0, 0, 0, 0, 0, 5, 0, 0, 0
0, 0, 0, 0, 0, 0, 0, 0, 0
0, 0, 0, 0, 0, 0, 0, 7, 0
5, 0, 0, 0, 0, 0, 0, 0, 0
0, 6, 0, 0, 0, 0, 0, 0, 0
0, 0, 0, 0, 0, 0, 0, 0, 0
0, 0, 0, 0, 0, 0, 0, 5, 0
0, 0, 0, 0, 0, 0, 0, 0, 0
0, 0, 0, 0, 0, 0, 0, 0, 0

0, 0, 0, 1, 0, 1, 0, 0
0, 1, 0, 1, 0, -1, -1, 0
1, 0, 0, 0, 0, -1, 0, -1
0, -1, 0, 0, 0, 0, 0, 0
0, 0, 0, 1, 0, 0, -1, 0
0, 0, 1, 1, 0, 0, 0, -1
-1, 0, 0, 0, 0, -1, 0, 0
0, 1, 0, 0, -1, 0, 0, 0
1, 1, 1, -1, -1, 0, 1, 0

1, 0, 0, 1, 0, 1, 0, 0, 1
0, 0, 1, 0, 0, 1, 0, 0, 1
0, 1, 1, 0, 1, 1, 0, 0, 0
-1, 0, 0, 0, 0, 0, -1, 1, -1
-1, 0, 0, 0, 0, 0, 0, 0, 0
0, 0, 0, 0, 0, 0, 1, 0, 0
0, 0, 1, 0, 0, 1, 1, -1, -1
0, 0, 1, 0, 0, 0, 0, 0, -1
