# size = 9, difficult = 1, game_id = 9286
9
9, 6, 8, 1, 5, 7, 2, 4, 3
8, 2, 7, 6, 9, 4, 5, 3, 1
6, 7, 4, 9, 8, 3, 1, 5, 2
4, 3, 5, 2, 7, 8, 9, 1, 6
5, 4, 9, 3, 2, 1, 6, 8, 7
7, 5, 1, 8, 6, 2, 3, 9, 4
2, 8, 3, 4, 1, 9, 7, 6, 5
3, 1, 6, 7, 4, 5, 8, 2, 9
1, 9, 2, 5, 3, 6, 4, 7, 8

-1, 0, 0, 1, 1, 0, 0, -1
-1, 0, -1, 0, 0, 0, 0, 0
1, 0, 0, -1, 0, 0, 0, 0
-1, 0, -1, 1, 0, 1, 0, 0
-1, 0, 0, -1, -1, 0, 0, 0
-1, 0, 0, 0, 0, 1, 0, 0
0, -1, 0, -1, 0, 0, -1, 0
0, 0, 0, 0, 1, 0, 0, 0
0, 0, 0, 0, 0, 0, 0, 1

0, 0, -1, 0, 0, 0, 0, 0, -1
0, 0, 0, 0, 0, 0, 0, 1, 1
-1, 0, 0, 0, -1, 0, 0, 0, 0
0, 0, 1, 0, 0, 0, 0, 0, 0
0, 0, 0, 1, 0, 0, 0, 0, 0
0, 0, 0, 0, 0, 0, 0, 0, 0
1, 0, 0, 1, 0, 0, 1, 0, 1
0, 0, -1, 0, -1, 1, 0, 0, 0
