# size = 9, difficult = 0, game_id = 1314
9
9, 1, 7, 2, 5, 8, 6, 3, 4
5, 6, 2, 7, 4, 3, 8, 1, 9
1, 9, 6, 5, 8, 4, 3, 2, 7
6, 8, 1, 9, 2, 5, 4, 7, 3
8, 2, 5, 3, 7, 6, 9, 4, 1
2, 5, 4, 1, 3, 9, 7, 8, 6
3, 4, 9, 6, 1, 7, 2, 5, 8
4, 7, 3, 8, 9, 2, 1, 6, 5
7, 3, 8, 4, 6, 1, 5, 9, 2

0, 0, 0, 0, 0, 0, 0, 0
0, 0, 0, 0, 0, 0, 0, 0
0, 0, 0, 0, 0, 0, 0, 0
0, 0, 0, 0, 0, 0, 0, 0
0, 0, 0, 0, 0, 0, 0, 0
0, 0, 0, 0, 0, 0, 0, 0
0, 0, 0, 0, 0, 0, 0, 0
0, 0, 0, 0, 0, 0, 0, 0
0, 0, 0, 0, 0, 0, 0, 0

0, 0, 0, 0, 0, 0, 0, 0, 0
0, 0, 0, 0, 0, 0, 0, 0, 0
0, 0, 0, 0, 0, 0, 0, 0, 0
0, 0, 0, 0, 0, 0, 0, 0, 0
0, 0, 0, 0, 0, 0, 0, 0, 0
0, 0, 0, 0, 0, 0, 0, 0, 0
0, 0, 0, 0, 0, 0, 0, 0, 0
0, 0, 0, 0, 0, 0, 0, 0, 0
