# size = 9, difficult = 2, game_id = 8195
9
6, 2, 7, 1, 3, 8, 4, 5, 9
5, 6, 8, 3, 4, 9, 7, 1, 2
7, 4, 5, 9, 1, 2, 8, 6, 3
9, 3, 4, 5, 7, 6, 2, 8, 1
1, 9, 6, 7, 2, 4, 5, 3, 8
2, 5, 1, 8, 9, 3, 6, 7, 4
8, 1, 2, 4, 5, 7, 3, 9, 6
3, 8, 9, 2, 6, 5, 1, 4, 7
4, 7, 3, 6, 8, 1, 9, 2, 5

0, 0, 0, 1, 1, 0, 0, 0
0, 1, 0, 1, 0, -1, 0, 1
0, 1, 0, 0, 0, 0, 0, -1
0, 1, 0, 1, -1, -1, 0, 0
0, 0, 0, 0, 0, 1, 0, 1
0, 0, 0, 0, 0, 0, 1, 0
0, 1, 0, 1, 0, 0, 0, -1
0, 0, -1, 0, -1, 0, 0, 1
0, 0, 0, 0, 0, 0, 0, 0

0, 1, 1, 0, 0, 1, 1, 0, 0
0, 0, 0, 0, -1, 0, 0, 0, 0
1, 0, -1, 0, 0, 1, 0, 0, -1
0, 0, 1, 0, -1, 0, 0, 0, 0
0, 0, 0, 0, 0, -1, 1, 0, 0
0, 0, 0, 0, -1, 0, -1, 0, 0
0, 0, 0, 0, 0, 0, -1, 0, 0
0, 0, 0, 0, 1, -1, 0, 0, 0
